237.00
266.00
674.00
311.00
291.00
296.00
122.00
375.00
314.00
190.00
342.00
309.00
377.00
312.00
261.00
310.00
301.00
355.00
620.00
549.00
447.00
257.00
498.00
327.00
508.00
705.00
312.00
499.00
249.00
444.00
582.00
357.00
419.00
526.00
220.00
524.00
305.00
363.00
506.00
709.00
559.00
344.00
326.00
686.00
388.00
583.00
624.00
406.00
570.00
528.00
643.00
541.00
630.00
370.00
544.00
699.00
312.00
183.00
200.00
221.00
645.00
463.00
321.00
559.00
475.00
370.00
270.00
383.00
571.00
262.00
476.00
513.00
373.00
641.00
416.00
410.00
518.00
388.00
558.00
320.00
321.00
521.00
528.00
439.00
682.00
688.00
376.00
401.00
431.00
403.00
297.00
410.00
397.00
628.00
419.00
418.00
481.00
325.00
409.00
473.00
334.00
494.00
368.00
342.00
654.00
382.00
487.00
516.00
401.00
453.00
545.00
663.00
428.00
635.00
298.00
574.00
383.00
441.00
575.00
589.00
405.00
437.00
529.00
409.00
454.00
404.00
454.00
298.00
433.00
504.00
426.00
642.00
390.00
480.00
527.00
651.00
525.00
590.00
429.00
405.00
268.00
433.00
482.00
439.00
300.00
410.00
351.00
450.00
368.00
362.00
555.00
592.00
445.00
762.00
500.00
486.00
415.00
616.00
334.00
242.00
413.00
613.00
630.00
629.00
506.00
493.00
480.00
347.00
350.00
661.00
661.00
487.00
373.00
242.00
674.00
304.00
474.00
377.00
499.00
445.00
549.00
549.00
586.00
555.00
533.00
314.00
545.00
371.00
569.00
668.00
368.00
383.00
549.00
439.00
482.00
407.00
596.00
339.00
409.00
514.00
632.00
508.00
318.00
486.00
503.00
541.00
575.00
457.00
517.00
318.00
390.00
401.00
572.00
293.00
476.00
649.00
598.00
358.00
920.00
674.00
391.00
670.00
364.00
465.00
437.00
406.00
596.00
408.00
427.00
478.00
359.00
516.00
446.00
441.00
598.00
572.00
1043.00
273.00
546.00
560.00
383.00
637.00
517.00
522.00
550.00
441.00
484.00
623.00
458.00
494.00
474.00
456.00
532.00
365.00
439.00
520.00
520.00
327.00
512.00
548.00
553.00
293.00
296.00
268.00
374.00
530.00
595.00
517.00
471.00
566.00
529.00
440.00
666.00
504.00
485.00
475.00
499.00
295.00
440.00
452.00
499.00
476.00
503.00
436.00
538.00
455.00
495.00
420.00
470.00
595.00
487.00
669.00
447.00
531.00
481.00
503.00
585.00
400.00
539.00
545.00
368.00
583.00
564.00
497.00
455.00
533.00
485.00
425.00
517.00
320.00
529.00
351.00
256.00
368.00
420.00
396.00
420.00
347.00
402.00
338.00
392.00
494.00
418.00
613.00
532.00
370.00
354.00
653.00
503.00
313.00
322.00
428.00
290.00
358.00
